13 199
13 232
16 287
16 333
20 381
41 457
59 501
87 550
139 604
224 642
308 639
367 612
414 564
432 523
458 471
482 411
494 360
489 278
475 211
64 192
93 156
125 148
153 148
180 153
195 169
177 167
155 162
128 163
104 171
307 178
332 140
362 137
383 138
402 149
429 169
407 162
386 153
364 155
344 164
64 242
92 220
121 208
144 205
170 210
191 224
204 232
188 242
173 256
149 271
126 280
95 269
314 243
334 220
366 214
392 210
414 214
431 219
440 226
439 248
417 259
399 272
377 279
350 276
230 203
226 251
193 288
149 335
148 401
209 405
272 406
339 384
341 331
312 290
290 238
290 192
144 440
175 423
210 418
245 426
277 416
305 427
345 447
326 484
288 505
256 506
222 499
171 487
164 451
200 441
241 441
289 444
330 450
295 458
254 458
216 457
133 241
372 243
258 192
258 255
253 308
246 395