81 285
79 326
82 366
81 404
89 446
104 473
125 502
158 535
193 557
249 554
288 527
332 503
357 472
374 424
382 394
389 362
398 325
398 288
396 240
136 269
152 253
176 253
200 256
226 262
252 288
219 282
193 273
171 268
153 268
292 310
316 294
337 288
355 284
374 288
390 301
374 304
356 302
343 303
326 305
142 303
156 302
172 302
188 302
206 304
215 314
224 330
201 331
189 334
178 332
161 327
148 315
300 346
313 335
329 333
341 332
352 331
360 332
367 340
368 347
362 353
344 358
331 360
310 357
248 319
236 350
225 378
205 391
216 421
239 423
254 426
278 425
290 399
276 369
281 345
279 316
182 468
198 454
225 446
246 449
265 449
267 461
279 481
271 495
256 510
234 514
213 508
194 488
196 470
218 461
239 461
258 468
273 480
254 489
236 486
215 478
184 318
335 345
266 312
259 369
256 394
249 423